17 3
Fig1.jpg 1000 900 870
Fig1.jpg 900 870 860
Fig1.jpg 938 723 694
Fig2.jpg 790 780 700
Fig2.jpg 690 680 600
Fig3.jpg 653 628 403
Fig3.jpg 100 90 87
Fig3.jpg 200 143 128
Fig3.jpg 342 234 193
Fig4.jpg 700 600 558
Fig4.jpg 700 547 499
Fig4.jpg 722 711 648
Fig5.jpg 400 367 330
Fig5.jpg 400 330 290
Fig5.jpg 487 399 374
Fig6.jpg 500 490 440
Fig6.jpg 600 550 500
Fig6.jpg 549 329 322
Fig7.jpg 800 700 600
Fig7.jpg 820 760 600
Fig7.jpg 903 899 535
Fig8.jpg 300 200 100
Fig8.jpg 350 270 220
Fig8.jpg 344 299 288
Fig9.jpg 460 440 430
Fig9.jpg 550 510 486
Fig9.jpg 533 499 476
Fig10.jpg 900 780 600
Fig10.jpg 689 600 495
Fig10.jpg 777 755 748
Fig11.jpg 290 220 210
Fig11.jpg 330 308 300
Fig11.jpg 322 281 255
Fig12.jpg 1200 1000 980
Fig12.jpg 1250 1100 980
Fig12.jpg 1133 1024 960
Fig13.jpg 890 789 748
Fig13.jpg 490 456 449
Fig13.jpg 666 598 574
Fig14.jpg 440 400 390
Fig14.jpg 263 190 188
Fig14.jpg 204 203 200
Fig15.jpg 500 399 380
Fig15.jpg 480 469 450
Fig15.jpg 564 493 390
Fig16.jpg 2000 1867 1749
Fig16.jpg 1790 1739 1639
Fig16.jpg 2223 2103 1987
Fig17.jpg 300 298 247
Fig17.jpg 353 342 298
Fig17.jpg 347 341 291
