15 2
Fig1.jpg 1000 900 870
Fig1.jpg 900 870 860
Fig2.jpg 790 780 700
Fig2.jpg 690 680 600
Fig3.jpg 100 90 87
Fig3.jpg 200 143 128
Fig4.jpg 700 600 558
Fig4.jpg 700 547 499
Fig5.jpg 400 367 330
Fig5.jpg 400 330 290
Fig6.jpg 500 490 440
Fig6.jpg 600 550 500
Fig7.jpg 800 700 600
Fig7.jpg 820 760 600
Fig8.jpg 300 200 100
Fig8.jpg 350 270 220
Fig9.jpg 460 440 430
Fig9.jpg 550 510 486
Fig10.jpg 900 780 600
Fig10.jpg 689 600 495
Fig11.jpg 290 220 210
Fig11.jpg 330 308 300
Fig12.jpg 1200 1000 980
Fig12.jpg 1250 1100 980
Fig13.jpg 890 789 748
Fig13.jpg 490 456 449
Fig14.jpg 440 400 390
Fig14.jpg 263 190 188
Fig15.jpg 500 399 380
Fig15.jpg 480 469 450
